416 414 61 97 
420 417 57 92 
421 417 55 90 
421 417 56 89 
421 415 56 89 
421 415 55 90 
421 414 57 90 
421 414 60 91 
423 415 60 92 
425 414 62 93 
426 415 61 93 
430 415 63 95 
432 414 59 96 
433 414 57 94 
435 415 62 93 
437 416 60 90 
439 416 60 90 
440 415 61 91 
441 415 61 93 
441 416 62 92 
442 415 60 91 
443 416 61 90 
444 416 61 91 
445 416 60 91 
446 416 61 90 
447 416 60 89 
448 417 60 89 
449 417 60 88 
451 417 59 87 
453 417 57 86 
455 417 57 86 
457 417 56 84 
459 417 55 85 
460 417 54 85 
461 417 54 86 
462 417 54 84 
463 416 53 83 
464 416 55 81 
466 416 54 84 
467 416 53 83 
468 416 53 83 
469 416 54 85 
473 416 51 85 
475 415 56 83 
477 415 55 83 
480 414 55 83 
482 414 57 86 
484 414 61 91 
487 412 55 91 
488 413 60 88 
491 413 58 88 
493 414 57 87 
495 414 54 84 
497 414 56 81 
501 414 53 81 
501 414 53 81 
501 414 53 83 
502 414 53 83 
502 412 55 81 
508 409 60 79 
503 412 68 77 
508 411 61 76 
510 405 58 71 
514 408 53 59 
515 408 51 57 
518 409 48 59 
519 407 48 59 
518 408 49 75 
523 408 54 72 
524 407 54 64 
525 406 53 79 
526 406 59 86 
528 406 60 86 
529 405 60 89 
530 405 60 90 
533 403 59 91 
535 403 59 85 
538 404 59 83 
540 401 58 83 
541 401 57 86 
543 402 58 87 
547 401 55 85 
549 401 54 85 
549 401 54 83 
551 401 54 79 
551 401 53 79 
553 400 51 75 
555 399 51 74 
559 400 49 74 
561 399 49 74 
562 398 49 80 
563 397 51 81 
565 398 51 83 
567 398 52 84 
569 398 55 85 
571 398 52 86 
574 398 52 82 
575 398 56 86 
577 398 55 85 
581 397 52 86 
583 395 54 81 
584 395 52 81 
584 395 55 82 
585 395 55 81 
586 395 56 82 
586 394 55 84 
587 394 55 82 
588 394 54 81 
588 394 54 83 
588 397 51 81 
589 397 50 83 
588 396 50 81 
597 371 81 103 
617 334 132 128 
643 295 209 140 
327 263 258 192 
333 260 158 198 
346 263 139 181 
353 265 136 169 
364 264 134 166 
371 264 130 159 
372 266 133 159 
379 264 133 163 
388 265 130 151 
392 276 125 130 
393 278 122 146 
392 272 134 168 
394 275 132 169 
398 277 128 177 
398 281 126 185 
402 283 122 179 
403 283 118 172 
406 283 117 167 
405 285 118 168 
409 286 120 166 
412 285 122 172 
416 285 121 184 
421 290 120 175 
426 292 123 164 
432 291 117 156 
438 296 114 141 
448 295 111 142 
453 296 118 157 
455 294 122 162 
460 293 124 167 
464 291 127 169 
468 291 129 168 
472 289 129 172 
475 289 128 173 
478 289 126 172 
481 289 120 169 
482 288 118 175 
482 290 115 167 
482 292 115 159 
482 291 111 148 
473 296 115 141 
468 291 112 143 
462 294 111 148 
456 295 113 157 
453 296 112 160 
449 300 112 156 
449 298 111 168 
449 300 111 164 
447 299 111 165 
448 297 111 169 
443 296 115 170 
445 297 109 170 
442 297 113 172 
439 298 112 174 
439 297 113 176 
439 297 111 176 
439 299 111 173 
439 300 110 172 
440 301 109 167 
437 300 114 170 
436 298 113 170 
435 298 117 166 
429 295 124 173 
427 296 125 179 
425 295 126 176 
424 294 123 178 
424 296 120 174 
420 295 123 175 
414 297 125 176 
412 295 122 175 
408 296 121 176 
404 296 118 177 
406 297 116 173 
405 296 115 179 
406 298 112 174 
407 294 111 176 
409 295 111 172 
409 292 112 176 
408 291 109 176 
409 290 106 172 
410 289 107 168 
412 292 106 164 
413 291 106 169 
415 294 110 167 
417 295 112 168 
421 294 111 171 
423 298 115 172 
425 293 118 175 
425 294 119 180 
426 297 123 179 
428 301 129 175 
430 301 129 172 
431 303 132 173 
433 308 130 168 
434 311 127 166 
436 317 123 154 
431 324 130 159 
429 325 127 158 
427 330 125 157 
423 336 128 149 
422 341 126 143 
421 340 132 136 
419 349 130 125 
420 353 126 122 
417 358 127 119 
418 361 127 115 
420 360 125 120 
421 370 126 110 
422 375 122 104 
426 378 123 97 
425 386 127 90 
427 395 122 80 
428 401 121 80 
430 412 126 68 
431 411 125 67 
436 412 122 67 
440 413 119 67 
443 413 118 68 
445 413 121 68 
447 414 122 69 
456 415 118 66 
454 413 131 69 
463 411 125 67 
471 411 121 62 
476 411 121 63 
478 411 124 62 
480 410 124 71 
482 410 126 65 
481 409 128 66 
480 408 133 67 
480 407 136 67 
480 407 136 67 
479 405 141 70 
481 405 139 70 
483 404 138 71 
483 403 137 70 
484 402 136 68 
487 402 138 69 
489 401 137 70 
494 401 135 66 
491 400 136 72 
